0,[178, 68, 67, 12, 19, 20, 82]
1,[193, 76, 73, 5, 41, 45, 133]
2,[85, 21, 18, 8, 34, 36, 113]
3,[145, 52, 50, 10, 18, 20, 83]
4,[131, 44, 42, 10, 74, 77, 197]
5,[180, 69, 67, 70, 186]
6,[118, 37, 34, 10, 42, 47, 141]
7,[125, 39, 35, 15, 51, 54, 154]
8,[107, 30, 24, 3, 48, 52, 144]
9,[97, 28, 27, 14, 35, 37, 116]
10,[189, 71, 65, 68, 176]
11,[92, 23, 18, 9, 50, 55, 159]
12,[182, 69, 64, 0, 32, 36, 112]
13,[148, 53, 48, 0, 56, 62, 170]
14,[157, 55, 50, 11, 26, 28, 98]
15,[119, 37, 34, 8, 66, 70, 185]
16,[173, 63, 58, 9, 18, 22, 89]
17,[167, 61, 59, 15, 35, 38, 122]
18,[140, 47, 41, 5, 49, 53, 151]
19,[196, 77, 73, 79, 205]
20,[135, 45, 40, 3, 32, 38, 120]
21,[158, 55, 49, 6, 17, 21, 84]
22,[106, 30, 26, 11, 50, 53, 150]
23,[194, 76, 72, 0, 40, 46, 136]
24,[146, 52, 48, 2, 72, 78, 202]
25,[87, 21, 17, 4, 57, 60, 162]
26,[81, 20, 17, 22, 91]
27,[199, 77, 72, 1, 16, 20, 80]
28,[143, 47, 40, 1, 56, 63, 172]
29,[111, 31, 25, 5, 33, 38, 121]
30,[88, 22, 17, 5, 25, 30, 104]
31,[108, 31, 24, 2, 16, 21, 86]